<?xml version="1.0" encoding="UTF-8" standalone="no"?>
<!-- Created with Inkscape (http://www.inkscape.org/) -->

<svg
   width="215.70097mm"
   height="65.087502mm"
   viewBox="0 0 215.70097 65.087502"
   version="1.1"
   id="svg4383"
   inkscape:version="1.2.2 (732a01da63, 2022-12-09)"
   sodipodi:docname="Cause4all Logos horizontal.svg"
   xmlns:inkscape="http://www.inkscape.org/namespaces/inkscape"
   xmlns:sodipodi="http://sodipodi.sourceforge.net/DTD/sodipodi-0.dtd"
   xmlns="http://www.w3.org/2000/svg"
   xmlns:svg="http://www.w3.org/2000/svg">
  <sodipodi:namedview
     id="namedview4385"
     pagecolor="#ffffff"
     bordercolor="#000000"
     borderopacity="0.25"
     inkscape:showpageshadow="2"
     inkscape:pageopacity="0.0"
     inkscape:pagecheckerboard="0"
     inkscape:deskcolor="#d1d1d1"
     inkscape:document-units="mm"
     showgrid="false"
     inkscape:zoom="0.66635802"
     inkscape:cx="401.43585"
     inkscape:cy="384.17786"
     inkscape:window-width="1920"
     inkscape:window-height="956"
     inkscape:window-x="-12"
     inkscape:window-y="-12"
     inkscape:window-maximized="1"
     inkscape:current-layer="layer1" />
  <defs
     id="defs4380" />
  <g
     inkscape:label="Capa 1"
     inkscape:groupmode="layer"
     id="layer1"
     transform="translate(1.0416652,-46.868015)">
    <g
       id="g2806"
       transform="matrix(0.26458333,0,0,0.26458333,-1.0416654,46.868015)">
      <g
         aria-label="Cause"
         id="text26"
         style="font-weight:600;font-size:96px;font-family:Poppin;-inkscape-font-specification:'Poppin Semi-Bold';fill:#00168a">
        <path
           d="m 335.59155,152.67589 q -7.78125,0 -14.39062,-2.29688 -6.5625,-2.29687 -11.29688,-6.84375 -4.73437,-4.54687 -7.35937,-11.34375 -2.57813,-6.79687 -2.57813,-15.70312 0,-8.29688 2.48438,-15.04688 2.48437,-6.749997 7.21875,-11.578122 4.54687,-4.640625 11.25,-7.171875 6.75,-2.53125 14.71875,-2.53125 4.40625,0 7.92187,0.515625 3.5625,0.46875 6.5625,1.265625 3.14063,0.890625 5.67188,2.015625 2.57812,1.078125 4.5,2.015625 v 16.921877 h -2.0625 q -1.3125,-1.125 -3.32813,-2.67188 -1.96875,-1.546872 -4.5,-3.046872 -2.57812,-1.5 -5.57812,-2.53125 -3,-1.03125 -6.42188,-1.03125 -3.79687,0 -7.21875,1.21875 -3.42187,1.171875 -6.32812,3.9375 -2.76563,2.671872 -4.5,7.078122 -1.6875,4.40625 -1.6875,10.6875 0,6.5625 1.82812,10.96875 1.875,4.40625 4.6875,6.9375 2.85938,2.57813 6.375,3.70313 3.51563,1.07812 6.9375,1.07812 3.28125,0 6.46875,-0.98437 3.23438,-0.98438 5.95313,-2.67188 2.29687,-1.35937 4.26562,-2.90625 1.96875,-1.54687 3.23438,-2.67187 h 1.875 v 16.6875 q -2.625,1.17187 -5.01563,2.20312 -2.39062,1.03125 -5.01562,1.78125 -3.42188,0.98438 -6.42188,1.5 -3,0.51563 -8.25,0.51563 z"
           id="path1826" />
        <path
           d="m 404.45093,137.58214 v -10.96875 q -3.42188,0.28125 -7.40625,0.79687 -3.98438,0.46875 -6.04688,1.125 -2.53125,0.79688 -3.89062,2.34375 -1.3125,1.5 -1.3125,3.98438 0,1.64062 0.28125,2.67187 0.28125,1.03125 1.40625,1.96875 1.07812,0.9375 2.57812,1.40625 1.5,0.42188 4.6875,0.42188 2.53125,0 5.10938,-1.03125 2.625,-1.03125 4.59375,-2.71875 z m 0,8.15625 q -1.35938,1.03125 -3.375,2.48437 -2.01563,1.45313 -3.79688,2.29688 -2.48437,1.125 -5.15625,1.64062 -2.67187,0.5625 -5.85937,0.5625 -7.5,0 -12.5625,-4.64062 -5.0625,-4.64063 -5.0625,-11.85938 0,-5.76562 2.57812,-9.42187 2.57813,-3.65625 7.3125,-5.76563 4.6875,-2.10937 11.625,-3 6.9375,-0.89062 14.39063,-1.3125 v -0.28125 q 0,-4.35937 -3.5625,-6 -3.5625,-1.6875 -10.5,-1.6875 -4.17188,0 -8.90625,1.5 -4.73438,1.45313 -6.79688,2.25 h -1.54687 V 99.800888 q 2.67187,-0.703125 8.67187,-1.640625 6.04688,-0.984375 12.09375,-0.984375 14.39063,0 20.76563,4.453122 6.42187,4.40625 6.42187,13.875 v 35.8125 h -16.73437 z"
           id="path1828" />
        <path
           d="m 489.15405,151.31651 h -16.875 v -5.8125 q -4.6875,3.5625 -8.57812,5.4375 -3.89063,1.82813 -9.28125,1.82813 -8.71875,0 -13.45313,-5.01563 -4.6875,-5.01562 -4.6875,-14.8125 V 98.675888 h 16.96875 v 26.109372 q 0,3.98438 0.23438,6.65625 0.28125,2.625 1.21875,4.35938 0.89062,1.73437 2.67187,2.53125 1.82813,0.79687 5.0625,0.79687 2.15625,0 4.78125,-0.79687 2.625,-0.79688 5.0625,-2.34375 V 98.675888 h 16.875 z"
           id="path1830" />
        <path
           d="m 550.84155,134.62901 q 0,8.15625 -7.3125,13.17188 -7.3125,4.96875 -20.01562,4.96875 -7.03125,0 -12.75,-1.3125 -5.71875,-1.3125 -9.1875,-2.90625 v -13.875 h 1.54687 q 1.26563,0.89062 2.90625,1.96875 1.6875,1.03125 4.73438,2.25 2.625,1.07812 5.95312,1.875 3.32813,0.75 7.125,0.75 4.96875,0 7.35938,-1.07813 2.39062,-1.125 2.39062,-3.28125 0,-1.92187 -1.40625,-2.76562 -1.40625,-0.89063 -5.34375,-1.6875 -1.875,-0.42188 -5.10937,-0.89063 -3.1875,-0.51562 -5.8125,-1.21875 -7.17188,-1.875 -10.64063,-5.8125 -3.46875,-3.98437 -3.46875,-9.89062 0,-7.59375 7.17188,-12.60938 7.21875,-5.062497 19.6875,-5.062497 5.90625,0 11.29687,1.21875 5.4375,1.171875 8.48438,2.531247 v 13.3125 h -1.45313 q -3.75,-2.57812 -8.57812,-4.17187 -4.78125,-1.64063 -9.70313,-1.64063 -4.07812,0 -6.89062,1.125 -2.76563,1.125 -2.76563,3.1875 0,1.875 1.26563,2.85938 1.26562,0.98437 5.95312,1.96875 2.57813,0.51562 5.53125,1.03125 3,0.46875 6,1.21875 6.65625,1.73437 9.84375,5.48437 3.1875,3.70313 3.1875,9.28125 z"
           id="path1832" />
        <path
           d="m 613.88843,128.11339 h -38.625 q 0.375,6.1875 4.6875,9.46875 4.35937,3.28125 12.79687,3.28125 5.34375,0 10.35938,-1.92188 5.01562,-1.92187 7.92187,-4.125 h 1.875 v 13.54688 q -5.71875,2.29687 -10.78125,3.32812 -5.0625,1.03125 -11.20312,1.03125 -15.84375,0 -24.28125,-7.125 -8.4375,-7.125 -8.4375,-20.29687 0,-13.03125 7.96875,-20.625 8.01562,-7.640627 21.9375,-7.640627 12.84375,0 19.3125,6.515627 6.46875,6.46875 6.46875,18.65625 z m -16.78125,-9.89063 q -0.14063,-5.29687 -2.625,-7.96875 -2.48438,-2.67187 -7.73438,-2.67187 -4.875,0 -8.01562,2.53125 -3.14063,2.53125 -3.51563,8.10937 z"
           id="path1834" />
      </g>
      <g
         aria-label="All"
         id="text26-7"
         style="font-weight:600;font-size:96px;font-family:Poppin;-inkscape-font-specification:'Poppin Semi-Bold';fill:#006b2e">
        <path
           d="m 756.46655,153.31651 h -18.60937 l -4.82813,-14.10937 h -25.875 l -4.82812,14.10937 H 684.1853 l 25.78125,-69.796872 h 20.71875 z m -27.79687,-26.90625 -8.57813,-25.03125 -8.57812,25.03125 z"
           id="path1837" />
        <path
           d="m 782.4353,153.31651 h -16.875 V 80.379013 h 16.875 z"
           id="path1839" />
        <path
           d="m 815.2478,153.31651 h -16.875 V 80.379013 h 16.875 z"
           id="path1841" />
      </g>
      <g
         aria-label="4"
         id="text28"
         style="font-weight:600;font-size:114.667px;font-family:Poppins, Arial, sans-serif;fill:#006b2e">
        <path
           d="m 666.1104,85.783957 q -1.73568,1.399744 -3.75131,2.911467 -1.95964,1.455733 -3.91928,2.967457 -1.90365,1.511723 -3.69533,3.023446 -1.73568,1.455733 -3.07943,2.911467 -1.06381,1.175784 -3.07944,2.911466 -1.95964,1.73568 -4.31121,3.69532 -2.29558,1.90366 -4.64715,3.80731 -2.35157,1.84766 -4.14324,3.19141 1.51172,-0.16797 3.63933,-0.44792 2.1836,-0.33593 4.64715,-0.67187 2.46355,-0.33594 5.03908,-0.72787 2.57553,-0.39193 4.9271,-0.67188 2.35157,-0.33594 4.25522,-0.55989 1.90365,-0.27995 3.02345,-0.33594 0.16796,-1.06381 0.39192,-2.07162 0.22396,-1.06381 0.50391,-2.29558 0.33594,-1.28777 0.72787,-2.85548 0.39193,-1.567713 0.89583,-3.639333 z m 29.67457,30.794363 q 0,0.95182 -0.44792,1.84766 -0.44792,0.83985 -1.23177,1.51172 -0.72787,0.67188 -1.6797,1.06381 -0.95182,0.39193 -2.01563,0.39193 -2.12761,0 -3.52735,-0.78386 -2.57553,-0.95183 -5.87893,-1.45573 -3.30339,-0.50391 -6.66278,-0.50391 h -2.57552 q -0.61589,2.51954 -0.95183,5.09507 -0.27995,2.57552 -0.39193,4.81511 -0.056,1.17579 -0.056,2.23959 0,1.00782 0,2.01563 0,2.7435 0.16797,6.0469 1.1198,1.23177 1.95964,2.63151 0.83985,1.39975 0.83985,1.95965 0,1.34375 -0.72787,2.63151 -0.67187,1.28777 -1.73568,2.29558 -1.0638,1.00782 -2.35157,1.62371 -1.23177,0.61588 -2.40756,0.61588 -0.67187,0 -1.90365,-0.16797 -1.17578,-0.11198 -2.46355,-0.55989 -1.23177,-0.44792 -2.35157,-1.28777 -1.11979,-0.83984 -1.6237,-2.29558 -0.83985,-2.68751 -0.83985,-5.15105 0,-1.00782 0.11198,-2.85548 0.11198,-1.90365 0.27995,-3.91928 0.16797,-2.07162 0.27995,-3.8633 0.16797,-1.84766 0.22396,-2.74349 0.11198,-2.12761 0.33594,-4.31121 0.22396,-2.1836 0.61589,-4.31121 -6.49482,0 -11.19795,0.5039 -4.70314,0.50391 -8.11852,1.34376 -3.97527,1.00781 -7.67059,1.6237 -3.63934,0.5599 -6.88674,0.5599 -0.95183,0 -2.01563,-0.39193 -1.06381,-0.44792 -2.1836,-1.1198 -1.06381,-0.72786 -2.07162,-1.6237 -1.00782,-0.89583 -1.79167,-1.84766 0.27994,-1.00782 1.23177,-2.46355 1.00782,-1.45573 2.46355,-3.19141 1.51172,-1.79168 3.35938,-3.75132 1.90366,-1.95964 3.91929,-3.86329 2.01563,-1.95964 4.03126,-3.8073 2.07162,-1.847664 3.91928,-3.359387 5.71095,-4.703139 9.79821,-8.118513 4.14324,-3.415375 6.99871,-5.822934 2.91147,-2.463549 4.75913,-3.975272 1.84766,-1.567713 3.02345,-2.575528 1.17578,-1.007816 1.90365,-1.567713 0.72787,-0.559897 1.39974,-1.007815 1.00782,-0.671877 2.68751,-1.959642 1.67969,-1.343753 3.47137,-2.631518 1.84766,-1.287764 3.47136,-2.239589 1.67969,-0.951826 2.63152,-0.951826 2.96745,0 4.70314,1.063805 1.79167,1.063805 1.79167,2.911467 -0.16797,0.615887 -0.50391,1.903651 -0.33594,1.287764 -0.78386,2.855477 -0.44791,1.511723 -0.89583,3.191416 -0.44792,1.679692 -0.83985,3.023446 -1.34375,4.087251 -2.29558,7.782575 -0.89583,3.695323 -1.51172,6.998718 -0.61589,3.247405 -1.06381,6.102882 -0.39192,2.85548 -0.83984,5.26304 1.73568,0 4.3672,0.22396 2.63152,0.16796 5.93491,0.16796 3.8073,0 6.10288,0.5599 2.29558,0.50391 3.58335,1.51173 1.28776,1.00781 1.67969,2.57552 0.44792,1.51173 0.44792,3.52736 z"
           style="font-weight:bold;font-family:'Segoe Script';-inkscape-font-specification:'Segoe Script Bold'"
           id="path1844" />
      </g>
      <path
         style="fill:#00168a;fill-opacity:1;stroke-width:0.938103"
         d="m 117.21997,42.367974 c -2.20737,-0.68929 -5.53,-2.410016 -7.38363,-3.823841 -1.98134,-1.511246 -4.33937,-4.687477 -5.72191,-7.707344 -1.92168,-4.197524 -2.2563,-6.060794 -1.83008,-10.19054 0.28689,-2.779591 1.50167,-6.825696 2.69954,-8.991345 1.19786,-2.1656493 3.96323,-5.2974693 6.14527,-6.9596103 2.40383,-1.831084 6.00845,-3.445794 9.14662,-4.097279 4.28667,-0.889903 6.06776,-0.816928 10.33457,0.42347 2.83539,0.824273 6.65953,2.819441 8.49808,4.433701 1.83854,1.61426 4.25215,4.6635833 5.36357,6.7762583 1.46772,2.789966 2.02076,5.510043 2.02076,9.938904 0,4.422884 -0.55323,7.1492 -2.01426,9.926145 -1.10784,2.105667 -3.59974,5.037793 -5.53755,6.515841 -1.93782,1.478037 -5.64587,3.237938 -8.2401,3.910868 -2.59423,0.672939 -5.78569,1.195284 -7.09213,1.160762 -1.30644,-0.03452 -4.18137,-0.62671 -6.38875,-1.31599 z"
         id="path24644" />
      <path
         style="fill:#00168a;fill-opacity:1;stroke-width:0.938103"
         d="m 119.15527,244.68239 c -2.20738,-0.68929 -5.53001,-2.41002 -7.38363,-3.82384 -1.98134,-1.51125 -4.33937,-4.68748 -5.72191,-7.70734 -1.92168,-4.19753 -2.2563,-6.0608 -1.83008,-10.19055 0.28688,-2.77959 1.50167,-6.82569 2.69954,-8.99134 1.19786,-2.16565 3.96323,-5.29747 6.14527,-6.95961 2.40383,-1.83108 6.00844,-3.44579 9.14662,-4.09728 4.28667,-0.8899 6.06776,-0.81693 10.33456,0.42347 2.8354,0.82427 6.65954,2.81944 8.49808,4.4337 1.83855,1.61426 4.25215,4.66359 5.36358,6.77626 1.46772,2.78997 2.02076,5.51004 2.02076,9.9389 0,4.42289 -0.55324,7.1492 -2.01426,9.92615 -1.10784,2.10567 -3.59974,5.03779 -5.53756,6.51584 -1.93782,1.47804 -5.64586,3.23794 -8.24009,3.91087 -2.59423,0.67294 -5.78569,1.19528 -7.09213,1.16076 -1.30644,-0.0345 -4.18137,-0.62671 -6.38875,-1.31599 z"
         id="path24644-1" />
      <path
         style="fill:#00168a;fill-opacity:1;stroke-width:0.938103"
         d="m 71.422613,85.96137 c 0.364162,-3.869676 1.45754,-10.412946 2.429725,-14.540601 0.972175,-4.127654 2.426788,-9.352026 3.232469,-11.609712 0.805681,-2.257687 1.454848,-5.845932 1.442596,-7.973878 -0.01229,-2.127947 -1.065657,-6.40187 -2.340905,-9.497611 -1.275257,-3.095741 -2.320605,-5.672926 -2.322997,-5.727092 -0.0028,-0.05413 3.689438,-1.799798 8.20406,-3.879198 4.514622,-2.079409 9.096,-4.048995 10.180841,-4.376852 1.693389,-0.511773 2.392895,0.25795 4.94432,5.440633 1.634536,3.320201 4.526988,7.402141 6.427678,9.070971 1.9007,1.668838 5.69707,4.060326 8.43639,5.31443 3.54109,1.621164 6.80705,2.317021 11.30005,2.407632 3.94251,0.07946 8.17601,-0.507542 11.25533,-1.560741 3.06994,-1.049991 6.86657,-3.452745 10.04305,-6.355865 3.07631,-2.811571 6.06722,-6.697044 7.52148,-9.771096 1.32787,-2.80688 2.80202,-5.103423 3.2759,-5.103423 0.47386,0 4.42246,1.288476 8.77465,2.863288 4.68893,1.696654 12.06022,5.562821 18.0915,9.488831 5.59814,3.644052 13.43676,9.796377 17.41916,13.671832 3.9824,3.875455 8.34174,8.635044 9.68743,10.576871 2.33084,3.3634 2.38117,3.687374 1.06311,6.841953 -0.76097,1.821252 -2.23587,3.767497 -3.27753,4.324984 -1.04167,0.557487 -3.56793,1.013611 -5.61391,1.013611 -2.04596,0 -7.66715,-1.528114 -12.49154,-3.395802 -4.82437,-1.867689 -10.67125,-3.951779 -12.99305,-4.631303 -2.32181,-0.679525 -6.75435,-1.680237 -9.85009,-2.223802 -3.09574,-0.543575 -9.57403,-1.393084 -14.3962,-1.887802 -5.68323,-0.58305 -12.54531,-0.571399 -19.50615,0.03311 -5.93707,0.515619 -14.38832,1.99028 -18.9013,3.29809 -4.4895,1.301008 -11.54224,3.96388 -15.672729,5.91749 -4.130497,1.953609 -10.042865,5.497135 -13.138606,7.874513 -3.09574,2.377379 -7.48672,5.922202 -9.757737,7.877392 l -4.129109,3.55489 0.662114,-7.035776 z"
         id="path24640" />
      <path
         style="fill:#006b2e;fill-opacity:1;stroke-width:0.938103"
         d="M 12.413393,132.05445 C 10.349566,131.11451 7.1348649,128.6527 5.269606,126.58376 3.058309,124.131 1.4724548,121.13059 0.7120846,117.961 c -0.6573384,-2.74008 -0.9000913,-6.63534 -0.5563609,-8.92748 0.3353907,-2.23653 1.8360276,-5.99998 3.3347507,-8.36322 1.4987232,-2.363237 4.5035618,-5.473827 6.6774186,-6.912417 3.225302,-2.13441 5.176173,-2.66609 10.603813,-2.88992 5.817844,-0.23993 7.238001,0.0526 11.332935,2.33459 3.408973,1.8997 5.512811,4.00018 7.739352,7.726967 2.561322,4.28713 3.054408,6.03863 3.037156,10.78819 -0.01276,3.51098 -0.683586,7.09901 -1.761655,9.42253 -0.957578,2.06383 -3.164579,5.10299 -4.904441,6.75371 -1.739863,1.6507 -4.732881,3.6559 -6.651143,4.45599 -1.918271,0.80008 -5.717589,1.44543 -8.442929,1.43409 -2.752217,-0.0114 -6.623413,-0.78038 -8.707588,-1.72958 z"
         id="path24636" />
      <path
         style="fill:#006b2e;fill-opacity:1;stroke-width:0.938103"
         d="m 224.08428,133.45834 c -1.73513,-0.62792 -4.85022,-2.56508 -6.92243,-4.30481 -2.07223,-1.73973 -4.61774,-5.08486 -5.65671,-7.43363 -1.11627,-2.52349 -1.88903,-6.29848 -1.88903,-9.22793 0,-3.84267 0.61681,-5.95513 2.74298,-9.39414 1.50865,-2.44017 4.1656,-5.395367 5.90433,-6.567097 1.73873,-1.17174 4.8917,-2.59719 7.00658,-3.16768 2.11489,-0.5705 5.82157,-0.80398 8.23708,-0.51886 2.41551,0.28513 6.08483,1.38211 8.15406,2.43775 2.06923,1.05565 4.78375,3.29522 6.03227,4.976837 1.24853,1.68163 2.7505,4.49247 3.33772,6.24632 0.5872,1.75386 1.06765,5.03905 1.06765,7.30043 0,2.26138 -0.65561,5.6811 -1.45692,7.59937 -0.8013,1.91826 -2.59542,4.70205 -3.98694,6.18619 -1.39151,1.48413 -4.64075,3.69628 -7.22053,4.91588 -2.64425,1.25006 -6.32753,2.1903 -8.44293,2.15523 -2.06383,-0.0342 -5.17207,-0.57595 -6.90718,-1.20386 z"
         id="path24632" />
      <path
         id="path24598-7"
         style="fill:#006b2e;fill-opacity:1;stroke-width:0.938103"
         d="m 133.76711,152.92619 c 3.72982,-2.60157 8.97157,-6.79236 12.17701,-9.78046 3.44779,-3.21402 8.22994,-8.83802 10.62696,-12.49766 2.39702,-3.65965 5.11875,-9.07182 6.0482,-12.02678 1.12742,-3.5844 1.55667,-7.19865 1.29172,-10.86148 -0.28725,-3.97127 -1.16894,-6.73923 -3.18625,-10.002157 -1.53389,-2.481 -4.21052,-5.46828 -5.94926,-6.64001 -1.73873,-1.17174 -4.89157,-2.6031 -7.00646,-3.17892 -2.78637,-0.75869 -5.35634,-0.7682 -9.33339,-0.0367 -3.13984,0.57755 -6.57353,1.92992 -8.52355,3.33833 0.0618,0.6025 0.13733,1.2038 0.19605,1.80658 0.22494,2.309 0.42953,4.61945 0.62296,6.93134 0.38684,4.623787 0.73345,9.250687 1.13232,13.873657 0.14287,2.10065 0.24283,4.20316 0.32064,6.30655 0.0778,2.1034 0.13283,4.20755 0.18505,6.31204 0.0522,2.1045 0.10245,4.20994 0.16857,6.31388 0.0661,2.10394 0.14801,4.20665 0.26751,6.30838 0.1748,2.25769 0.35616,4.51548 0.52218,6.77377 0.16602,2.25827 0.31738,4.51775 0.43607,6.77926 -0.002,0.0936 0.005,0.18674 0.004,0.28033 z" />
      <path
         id="path11065"
         style="fill:#00168a;fill-opacity:1;stroke-width:0.938103"
         d="m 122.7444,96.432953 c -1.16097,-1.51689 -3.09216,-3.41482 -4.77481,-4.63372 -2.05428,-1.48812 -5.95339,-3.20247 -8.66463,-3.80922 -4.12885,-0.92399 -5.79316,-0.85102 -10.245842,0.44341 -2.923891,0.85 -6.766953,2.81857 -8.540044,4.37537 -1.77309,1.5568 -4.141632,4.72825 -5.263997,7.04677 -1.664796,3.438957 -1.976359,5.472957 -1.694825,11.048367 0.276657,5.4787 0.973602,8.07499 3.517888,13.08764 1.832087,3.6095 6.119473,9.42351 10.141412,13.75273 3.832108,4.12489 10.421338,9.96568 14.641378,12.97771 4.22005,3.01202 9.14907,6.33451 10.95492,7.3839 1.35639,0.7882 2.33482,1.20419 3.17892,1.31554 -0.008,-0.1679 -0.0124,-0.336 -0.022,-0.50386 -0.0513,-0.89666 -0.11568,-1.793 -0.19788,-2.68789 -0.14827,-1.63899 -0.32249,-3.27621 -0.45622,-4.91588 -0.0669,-0.81983 -0.12345,-1.63912 -0.16307,-2.46069 -0.0396,-0.82156 -0.062,-1.64551 -0.0586,-2.46984 -0.0708,-2.23186 -0.17732,-4.46165 -0.29133,-6.69132 -0.11401,-2.22967 -0.23473,-4.45882 -0.33347,-6.68948 -0.13631,-4.1981 -0.17977,-8.40046 -0.28399,-12.60027 -0.0521,-2.0999 -0.1192,-4.19961 -0.2217,-6.29739 -0.1025,-2.09777 -0.23876,-4.19245 -0.43057,-6.28639 -0.27663,-3.7938 -0.52559,-7.59075 -0.79153,-11.385487 z" />
      <path
         style="fill:#006b2e;fill-opacity:1;stroke-width:0.938103"
         d="m 84.509876,165.19594 c -4.719223,-1.22945 -13.373225,-4.00633 -19.231117,-6.17085 -5.857892,-2.16452 -12.633024,-4.13251 -15.055836,-4.37331 -2.42282,-0.24079 -5.49402,-0.16451 -6.824898,0.16952 -1.330878,0.33403 -3.992192,1.97969 -5.914019,3.65701 -1.921836,1.67733 -4.235198,3.61979 -5.140824,4.31659 -1.492438,1.14831 -1.897877,0.70688 -4.330848,-4.71517 -1.47634,-3.29015 -3.210293,-8.22114 -3.853222,-10.95776 -0.642929,-2.73662 -1.015853,-5.1067 -0.82872,-5.26682 0.187133,-0.16014 3.291926,-1.26115 6.899543,-2.44669 5.336795,-1.75378 7.538045,-3.13427 11.810608,-7.40683 3.793014,-3.79302 5.713837,-6.64387 6.916907,-10.26599 0.916086,-2.75807 1.665612,-7.03639 1.665612,-9.50738 0,-2.47099 -0.696129,-6.58855 -1.546951,-9.15013 -0.850813,-2.56158 -3.045702,-6.408377 -4.877518,-8.548447 -1.831806,-2.14005 -5.225901,-5.00176 -7.542425,-6.35933 -3.693397,-2.16448 -4.141604,-2.769912 -3.641107,-4.918432 0.313908,-1.347566 2.088077,-5.405144 3.942594,-9.016842 1.854527,-3.611697 4.222094,-7.772092 5.261278,-9.245327 1.039174,-1.473234 3.970972,-5.061479 6.515099,-7.973877 2.544126,-2.912398 6.810714,-7.113994 9.481316,-9.336877 2.670592,-2.222882 5.592249,-4.452866 6.492565,-4.955511 1.321976,-0.738062 1.99817,-0.321423 3.514379,2.165395 1.032589,1.693614 1.879021,4.657908 1.880944,6.587324 0.0019,1.929406 -1.295014,8.05053 -2.882088,13.602497 -2.259628,7.904693 -2.999857,12.657912 -3.412332,21.91136 -0.315925,7.0876 -0.08161,14.971897 0.585461,19.700167 0.6117,4.33581 2.200622,11.26046 3.530946,15.38811 1.330315,4.12766 4.331851,11.24523 6.670083,15.81684 2.338232,4.5716 5.929413,10.48165 7.980398,13.13344 2.050984,2.6518 6.298969,7.45986 9.439973,10.68459 5.125497,5.26212 5.47328,5.8557 3.392754,5.79061 -1.274985,-0.0399 -6.179333,-1.07844 -10.898555,-2.30788 z"
         id="path24596" />
      <path
         style="fill:#006b2e;fill-opacity:1;stroke-width:0.938103"
         d="m 188.40697,199.56454 c -2.05801,-1.92248 -2.91352,-3.58308 -2.91352,-5.65538 0,-1.61355 1.2952,-5.49951 2.87823,-8.63548 1.58303,-3.13597 3.70787,-8.92844 4.72187,-12.87217 1.01399,-3.94373 2.09582,-10.96973 2.40405,-15.61335 0.31232,-4.7054 0.072,-12.18045 -0.54283,-16.88585 -0.60677,-4.64362 -1.7894,-10.97581 -2.62806,-14.07155 -0.83866,-3.09574 -3.09994,-9.51991 -5.02507,-14.27594 -1.92513,-4.75601 -5.42403,-11.54111 -7.77533,-15.077967 -2.35131,-3.53688 -7.87075,-9.88264 -12.26542,-14.101702 -4.39468,-4.219063 -8.42237,-7.67102 -8.95043,-7.67102 -0.52806,0 -0.96011,-0.441275 -0.96011,-0.980609 0,-0.615574 1.30957,-0.754845 3.51789,-0.374125 1.93484,0.333571 6.82659,1.426517 10.87057,2.428768 4.04397,1.00226 11.4951,3.492418 16.55808,5.533693 5.55307,2.238877 10.74315,3.711409 13.08119,3.711409 2.13169,0 5.37515,-0.626466 7.20769,-1.392155 1.83254,-0.76568 4.54323,-2.688895 6.02375,-4.273792 l 2.69186,-2.881647 2.8581,3.945503 c 1.57195,2.170021 2.8581,4.437182 2.8581,5.038149 0,0.600958 -1.45893,1.788358 -3.24206,2.638678 -1.78313,0.85032 -4.98202,3.11799 -7.10865,5.03927 -2.12663,1.92128 -4.90702,5.54644 -6.17867,8.055897 -1.35554,2.67503 -2.54115,7.01567 -2.86576,10.49185 -0.47999,5.14011 -0.21869,6.66317 1.96351,11.44461 1.38446,3.03349 4.22916,7.26565 6.32155,9.40479 2.09239,2.13915 5.3426,4.55065 7.22269,5.35889 1.88008,0.80824 5.17366,1.91335 7.31906,2.45579 l 3.90072,0.98624 -1.325,5.85021 c -0.72876,3.21761 -2.42794,9.0163 -3.77594,12.88598 -1.34802,3.86967 -3.72411,9.56865 -5.28022,12.66439 -1.55611,3.09574 -4.12114,7.51179 -5.70008,9.81343 -1.57894,2.30165 -4.37231,5.85632 -6.20748,7.89927 -1.83517,2.04297 -5.81046,5.54217 -8.83398,7.77602 -3.02351,2.23384 -6.03942,4.06153 -6.70203,4.06153 -0.66261,0 -2.51584,-1.22473 -4.11827,-2.72163 z"
         id="path24588" />
      <path
         style="fill:#00168a;fill-opacity:1;stroke-width:0.938103"
         d="m 88.86881,214.12074 c -2.837762,-1.18672 -7.481374,-3.32582 -10.319136,-4.75355 -2.837762,-1.42773 -8.325666,-4.93709 -12.195342,-7.79858 -3.869676,-2.8615 -10.835093,-9.04955 -15.478704,-13.75122 -4.643612,-4.70168 -9.82258,-10.52026 -11.50882,-12.93019 l -3.065881,-4.38169 3.543432,-3.72492 c 2.260069,-2.37583 4.731567,-3.94782 6.823913,-4.34035 2.584859,-0.48493 5.708696,0.29291 14.731683,3.66817 6.298163,2.35597 15.582852,5.31056 20.632653,6.56576 5.04981,1.2552 12.558632,2.77967 16.68629,3.38772 4.127652,0.60805 12.654222,1.08347 18.947942,1.0565 7.22005,-0.031 13.79796,-0.61652 17.82396,-1.58674 3.50946,-0.84575 11.16312,-3.84826 17.00813,-6.67226 8.95802,-4.32806 11.85651,-6.31466 18.45317,-12.64772 4.30424,-4.13224 9.43776,-9.85353 11.40781,-12.71396 3.32969,-4.83455 3.62562,-5.04518 4.20233,-2.99095 0.34122,1.21542 0.66248,6.07757 0.71391,10.80479 0.0514,4.72721 -0.50415,11.71861 -1.23462,15.53644 -0.73048,3.81784 -3.10068,10.87809 -5.26713,15.68946 -3.28765,7.30144 -3.86119,9.43805 -3.46856,12.92149 0.34576,3.06757 1.2926,5.02182 3.57298,7.37458 3.01076,3.10632 3.0486,3.24139 1.27881,4.56551 -1.00307,0.75048 -4.5677,2.38261 -7.92142,3.62697 -3.35372,1.24437 -8.35826,2.83316 -11.12119,3.53064 l -5.02351,1.26815 -2.00317,-2.78237 c -1.10175,-1.5303 -3.6441,-4.57652 -5.64968,-6.76937 -2.02161,-2.21037 -6.39495,-5.34005 -9.81438,-7.02343 -5.32312,-2.62057 -7.13761,-3.03358 -13.24844,-3.01559 -5.72163,0.0168 -8.15417,0.51718 -12.67443,2.607 -4.00492,1.85155 -7.63884,4.70669 -12.79314,10.05143 -3.959605,4.1059 -7.352415,7.44742 -7.539586,7.42561 -0.18717,-0.0218 -2.662112,-1.01061 -5.499874,-2.19733 z"
         id="path24586" />
    </g>
  </g>
</svg>
